3
66
1389
500
263
1430
1361
1960
203
170
1525
1308
847
1406
857
1616
1171
18
381
1860
151
1126
1121
1016
859
1658
5
108
223
590
105
160
1315
994
397
148
1063
1846
1905
1096
491
74
1557
1980
623
798
377
1776
435
946
1437
1508
951
1542
1665
152
1147
1562
37
780
2047
2030
1673
320
579
1922
1453
1844
1863
214
401
232
779
2026
1589
604
399
190
1945
1936
1747
1874
445
1156
1751
1958
161
1336
1435
1466
69
1452
1823
1422
1193
480
1891
802
461
1492
615
630
945
1416
1067
1930
1621
1276
175
1630
1465
48
1011
754
1501
804
503
326
705
472
1723
1370
101
76
1599
814
713
640
1155
1730
1517
1140
1415
1046
1489
552
1355
1834
1653
1948
1999
1022
985
208
275
1682
509
452
1303
742
1249
1656
2011
1274
133
748
1375
206
233
800
419
610
525
788
167
1462
2033
1736
1643
1738
1685
572
1775
414
505
368
1587
562
1565
100
55
1158
1793
792
251
1178
165
1420
1151
1646
1801
960
1731
1538
1581
436
967
1878
529
872
1931
1642
1717
1244
1551
1854
25
528
851
1490
573
1796
855
1574
289
1976
539
1082
197
44
927
1038
1321
1120
995
418
589
84
1767
246
1073
8
171
1546
1749
1916
1327
1246
1593
688
115
370
1629
1444
1655
1990
833
1112
827
986
229
716
703
430
841
1280
259
1346
1645
1780
519
662
1617
1192
459
1450
1781
540
1103
638
1113
848
1427
1298
637
1092
407
358
1377
248
1115
890
261
1388
479
1870
361
1440
1571
226
653
1428
1319
1078
113
328
747
1354
1813
1212
879
30
633
1008
691
178
1693
740
1207
774
1921
1432
1403
794
293
12
255
1262
1929
1600
835
1154
1709
1076
71
1494
657
1512
1035
1258
1845
1884
655
1470
153
1168
2003
1106
701
388
2007
1190
417
568
1691
698
325
684
31
654
1449
1760
99
34
717
724
871
1910
1201
648
1323
1162
1877
508
431
862
1721
1328
1267
2034
1757
36
759
1606
961
1752
1979
602
357
1356
1855
46
969
1920
1411
962
1773
372
1671
278
1745
1832
1611
1066
1909
1180
207
254
1241
1488
531
914
765
1732
1559
2022
1505
888
219
506
389
2028
1631
1486
489
32
675
1890
781
20
423
694
241
968
1899
970
1941
1852
2031
1694
761
1648
1843
1842
1821
1380
311
390
1
24
507
410
421
652
1407
878
9
192
1987
770
1837
1716
1223
1110
785
104
139
874
1973
476
1807
1086
281
1808
1107
722
829
1028
1111
806
545
1208
795
314
453
1324
1183
270
1577
352
1251
1698
845
1364
2023
1526
1329
1288
427
778
2005
1148
1583
478
1849
1968
371
1650
1885
676
1911
1222
1089
344
1083
218
485
1996
959
1710
1097
512
515
578
1901
1012
775
1942
1873
424
715
682
2037
1820
1359
1918
1369
80
1683
530
893
324
663
1638
1633
1528
1371
122
517
620
735
1102
617
672
1827
1506
909
660
1575
310
369
1608
1003
586
21
444
1135
1310
889
240
947
1458
1949
2020
1463
6
129
664
1659
26
549
1292
511
494
137
832
1091
386
1965
308
327
726
913
744
1291
490
53
1116
911
702
409
400
211
338
957
1668
215
422
673
1848
1947
1978
581
1964
287
1934
1705
992
355
1314
973
2004
1127
1142
1457
1928
1579
394
85
1788
687
94
1977
560
1523
1266
2013
1316
1015
838
1217
984
187
1882
613
588
63
1326
1225
1152
1667
194
2029
1652
1927
1558
2001
1064
1867
298